com = 0.000000e+00
in = 0.000000e+00
mid = 0.000000e+00
out = 0.000000e+00
vcom#branch = 0.000000e+00
vin#branch = 0.000000e+00
